// Used here: https://fa.wikipedia.org/wiki/%D8%A7%D9%84%DA%AF%D9%88:%D9%86%D9%82%D8%B4%D9%87_%D9%82%D8%A7%D8%A8%D9%84_%DA%A9%D9%84%DB%8C%DA%A9_%D8%B4%D9%87%D8%B1%D8%B3%D8%AA%D8%A7%D9%86%E2%80%8C%D9%87%D8%A7%DB%8C_%D8%A7%D8%B3%D8%AA%D8%A7%D9%86_%DB%8C%D8%B2%D8%AF

poly 197 132 191 129 187 124 184 122 179 122 175 123 171 128 165 132 156 134 150 137 145 141 144 142 144 143 141 147 141 150 140 154 140 156 144 159 152 160 148 167 151 169 154 170 157 170 163 172 162 169 162 167 166 166 171 165 174 165 176 166 184 164 194 166 194 164 197 160 201 154 196 146 202 141 200 136 197 132 197 132 [[شهرستان یزد]]

poly 37 137 36 130 36 120 35 117 36 108 35 98 32 92 41 94 42 93 44 93 48 94 50 92 53 91 53 87 56 83 64 83 74 87 95 78 96 77 97 77 124 67 132 64 135 63 135 62 143 58 150 53 153 46 160 43 166 41 179 42 194 43 195 40 196 37 199 34 203 33 210 35 216 38 227 27 241 18 245 18 251 18 253 16 255 19 258 23 266 36 272 46 276 53 282 61 286 66 293 72 300 74 308 76 321 84 336 99 323 104 311 108 284 120 262 125 246 129 231 132 213 136 202 141 200 136 197 132 191 129 187 124 184 122 179 122 175 123 171 128 165 132 155 122 160 119 163 117 160 112 154 114 141 115 132 114 130 116 128 115 127 117 126 116 125 116 124 115 123 115 121 115 115 113 108 115 102 117 95 117 89 117 86 115 81 115 77 113 72 117 66 121 56 127 51 131 36 142 37 137 37 137 [[شهرستان اردکان]]

poly 67 179 72 179 76 179 80 177 84 170 89 167 87 162 85 159 95 153 97 155 98 149 104 140 107 135 113 134 120 130 122 133 134 131 138 128 140 125 155 122 160 119 163 117 160 112 154 114 141 115 132 114 130 116 128 115 127 117 126 116 125 116 124 115 123 115 121 115 115 113 108 115 102 117 95 117 89 117 86 115 81 115 77 113 72 117 66 121 56 127 51 131 36 142 33 154 37 165 48 174 51 179 49 180 52 181 58 180 61 180 67 179 67 179 [[شهرستان میبد]]

poly 155 122 140 125 138 128 134 131 122 133 120 130 113 134 107 135 104 140 98 149 97 155 108 157 110 158 122 161 134 164 144 159 140 156 140 154 141 150 141 147 144 143 144 142 145 141 150 137 156 134 165 132 155 122 [[شهرستان اشکذر]]

poly 67 179 72 179 76 179 80 177 84 170 89 167 87 162 85 159 95 153 97 155 108 157 110 158 122 161 134 164 144 159 152 160 148 167 145 172 143 176 140 179 139 184 143 187 151 188 149 193 149 200 144 201 137 202 137 206 137 213 136 221 137 225 136 227 136 232 136 234 131 234 125 235 122 235 117 235 111 235 109 233 107 233 108 231 105 230 103 228 106 225 104 225 103 224 104 223 104 221 102 220 102 219 99 218 98 216 96 214 94 213 89 213 91 212 90 211 87 212 85 211 84 212 83 208 82 206 82 205 77 206 73 205 68 205 62 195 57 188 59 188 58 187 59 186 58 186 58 185 58 184 54 183 52 181 58 180 61 180 67 179 67 179 [[شهرستان تفت]]

poly 184 164 176 166 174 165 171 165 166 166 162 167 162 169 163 172 157 170 154 170 151 169 148 167 145 172 143 176 140 179 139 184 143 187 151 188 149 193 149 200 144 201 137 202 137 206 137 213 136 221 137 225 136 227 136 232 136 234 158 232 166 232 172 231 179 230 190 227 208 230 215 229 223 227 232 225 241 222 237 214 233 211 230 207 224 186 221 183 208 174 194 166 184 164 184 164 [[شهرستان مهریز]]

poly 54 183 58 184 58 185 58 186 59 186 58 187 59 188 57 188 62 195 68 205 73 205 77 206 82 205 82 206 83 208 84 212 85 211 87 212 90 211 91 212 89 213 94 213 96 214 98 216 99 218 102 219 102 220 104 221 104 223 103 224 104 225 106 225 103 228 105 230 108 231 107 233 109 233 111 235 117 235 122 235 116 247 111 258 110 264 98 261 86 260 79 258 78 257 74 257 71 252 68 247 64 247 55 242 44 237 33 233 33 232 28 232 29 231 28 230 29 230 29 229 31 230 30 227 30 224 31 219 28 219 24 220 20 217 18 214 20 213 24 212 27 210 29 206 29 200 25 194 20 192 16 189 25 188 34 187 41 184 49 180 52 181 54 183 54 183 [[شهرستان ابرکوه]]

poly 158 232 136 234 131 234 125 235 122 235 116 247 111 258 110 264 109 268 115 278 116 280 116 287 117 292 118 293 117 303 116 302 115 303 114 303 114 305 116 306 113 308 114 310 115 315 117 317 123 321 128 324 131 326 133 326 133 329 133 333 134 335 134 339 133 343 136 345 140 353 143 359 147 361 152 360 158 359 162 358 169 357 178 359 176 340 175 336 174 332 174 324 173 316 173 309 173 304 172 302 172 300 170 299 168 299 161 293 158 288 164 283 171 277 175 271 176 268 175 261 174 252 173 246 174 243 173 240 172 231 166 232 158 232 158 232 [[شهرستان خاتم]]

poly 323 182 317 181 317 182 314 184 309 188 305 192 303 196 301 201 296 202 290 208 270 213 241 222 237 214 233 211 230 207 224 186 221 183 208 174 194 166 194 164 197 160 201 154 196 146 202 141 213 136 231 132 246 129 262 125 263 134 263 138 265 142 274 146 287 150 285 156 287 163 289 164 291 163 295 160 297 160 298 159 299 161 304 166 305 168 307 170 308 173 308 176 315 174 317 175 320 176 323 178 326 183 323 182 [[شهرستان بافق]]

poly 351 115 360 126 361 128 367 133 364 137 362 141 361 148 359 158 359 165 359 169 348 173 340 177 335 179 329 182 326 183 323 178 320 176 317 175 315 174 308 176 308 173 307 170 305 168 304 166 299 161 298 159 297 160 295 160 291 163 289 164 287 163 285 156 287 150 274 146 265 142 263 138 263 134 262 125 284 120 311 108 323 104 336 99 351 115 351 115 [[شهرستان بهاباد]]

